V1      &           -0.103911   0.014261   -7.29 & $-$0.13238 & $-$0.07526 \\ 
Post-V1 &           -0.033846   0.011610   -2.92 & $-$0.05737 &
$-$0.01096 \\



V1
g            0.103911   0.014261    7.29
i            0.000243   0.014261    0.02
gxi         -0.005169   0.014261   -0.36
Post-V1
g            0.033846   0.011610    2.92
i            0.003805   0.011610    0.33
gxi         -0.013549   0.011610   -1.17



NP3:
g            0.031580   0.013872    2.28   0.00407 0.05940
i            0.026894   0.013872    1.94  -0.00092 0.05443
gxi         -0.007576   0.013872   -0.55  -0.03518 0.02001

V3:
g           0.027309   0.014971    1.82   -0.00266 0.05698
i           0.024312   0.014971    1.62	  -0.00552 0.05454
gxi         0.002153   0.014971    0.14	  -0.02753 0.03202

V1:
g            0.103911   0.014261    7.29   0.07555 0.13272
i            0.000243   0.014261    0.02  -0.02892 0.02828
gxi         -0.005169   0.014261   -0.36  -0.03399 0.02320

Post-V1:
g            0.033846   0.011610    2.92   0.01051 0.05687
i            0.003805   0.011610    0.33  -0.01982 0.02638
gxi         -0.013549   0.011610   -1.17  -0.03655 0.00984


NP3     0.026894   0.013872    1.94  -0.00092 0.05443
V3      0.024312   0.014971    1.62  -0.00552 0.05454
V1      0.000243   0.014261    0.02  -0.02892 0.02828
Post-V1 0.003805   0.011610    0.33  -0.01982 0.02638

V1      0.103911   0.014261    7.29   0.07555 0.13272
Post-V1 0.033846   0.011610    2.92   0.01051 0.05687
