item	dat	  count  judg
01      main      35     3.6571     
01      sub       24     4.5000     
02      main      37     3.2703     
02      sub       22     3.2727     
03      main      35     4.1714     
03      sub       24     4.6250     
05      main      22     4.5909     
05      sub       37     4.4865     
06      main      24     4.0417     
06      sub       35     3.6571     
07      main      35     4.4000     
07      sub       24     5.0417     
08      main      22     5.0455     
08      sub       37     4.5405     
09      main      35     3.5714     
09      sub       24     3.8333     
10      main      37     4.5405     
10      sub       22     4.6364     
12      main      26     4.1923     
12      sub       33     3.9091     
13      main      35     5.3714     
13      sub       24     5.2500     
14      main      37     5.1351     
14      sub       22     5.2273     
15      main      37     5.4595     
15      sub       22     5.0000     
17      main      37     5.7297     
17      sub       22     5.8182     
18      main      35     5.5143     
18      sub       24     5.0833     
20      main      22     3.9545     
20      sub       37     3.4054     
21      main      22     5.5000     
21      sub       37     4.5135     
22      main      35     5.2857     
22      sub       24     4.8750     
26      main      37     4.7838     
26      sub       22     4.4545     
28      main      37     5.4054     
28      sub       22     5.0909     
29      main      33     4.7576     
29      sub       26     4.1923     
30      main      35     3.8571     
30      sub       24     3.9583     
31      main      37     5.9459     
31      sub       22     5.3182     
32      main      24     5.5000     
32      sub       35     4.7429     
