"word_position"	"item"	"word"	"type_freq"
1	29	"Nachdem"	49.8271064806
2	29	"der"	26530.3631386
3	29	"Afrikaner"	2.83675241161
4	29	"seinen"	631.36952594
5	29	"Asylantrag"	0.16350157992
6	29	"gestellt"	102.147612055
7	29	"hatte"	1622.81040626
8	29	"war"	3092.73866021
9	29	"der"	26530.3631386
10	29	"Richter"	59.0567706671
11	29	"nach"	2502.6941586
12	29	"langer"	24.1737085912
13	29	"Untersuchung"	59.2693227209
14	29	"der"	26530.3631386
15	29	"komplizierten"	7.36574617539
16	29	"Sachlage"	5.84518148213
17	29	"zu"	8897.95218113
18	29	"dem"	5616.24656993
19	29	"Schluss"	2.15822085494
20	29	"gelangt"	30.1905667322
21	29	"dass"	147.780903011
22	29	"der"	26530.3631386
23	29	"Antrag"	63.4386130089
24	29	"unbegründet"	4.10388965599
25	29	"war"	3092.73866021
26	29	"und"	22313.7473183
27	29	"abgelehnt"	36.3709264532
28	29	"werden"	2700.75179743
29	29	"sollte"	343.524994491
1	30	"Weil"	49.4755780837
2	30	"die"	24520.1275636
3	30	"Umstrukturierung"	1.32436279735
4	30	"des"	7101.07799289
5	30	"Großkonzerns"	0.032700315984
6	30	"zu"	8897.95218113
7	30	"weitreichenden"	1.8393927741
8	30	"personellen"	1.23443692839
9	30	"Konsequenzen"	20.0207684612
10	30	"führen"	133.499040005
11	30	"würde"	444.299193274
12	30	"hat"	2369.4648962
13	30	"der"	26530.3631386
14	30	"besorgte"	4.99497326655
15	30	"Betriebsrat"	1.70041643117
16	30	"die"	24520.1275636
17	30	"Vorschläge"	42.6412120431
18	30	"der"	26530.3631386
19	30	"Geschäftsleitung"	1.0218848745
20	30	"nach"	2502.6941586
21	30	"langer"	24.1737085912
22	30	"Diskussion"	35.2918160257
23	30	"schließlich"	167.760796077
24	30	"abgelehnt"	36.3709264532
1	31	"Der"	2185.87714719
2	31	"Unfall"	7.40662157037
3	31	"im"	4320.93800333
4	31	"Chemielabor"	0.00817507899599
5	31	"des"	7101.07799289
6	31	"Gymnasiums"	2.36259782984
7	31	"hat"	2369.4648962
8	31	"für"	4142.64770551
9	31	"viel"	408.475997114
10	31	"Aufsehen"	8.02792757406
11	31	"gesorgt"	9.00893705358
12	31	"da"	1008.79657303
13	31	"er"	4943.65829569
14	31	"einen"	2019.39166343
15	31	"Einsatz"	35.6433444225
16	31	"der"	26530.3631386
17	31	"Feuerwehr"	5.26475087342
18	31	"nach"	2502.6941586
19	31	"sich"	6557.46793998
20	31	"zog"	103.357523746
21	31	"und"	22313.7473183
22	31	"großer"	106.120700447
23	31	"Sachschaden"	1.18538645442
24	31	"entstand"	29.9044389673
25	31	"der"	26530.3631386
26	31	"von"	7955.34104766
27	31	"den"	9841.63424996
28	31	"betroffenen"	8.58383294579
29	31	"Schülern"	11.8375143862
30	31	"selbst"	767.26386409
31	31	"getragen"	38.782574757
32	31	"werden"	2700.75179743
33	31	"musste"	7.47202220234
1	32	"Der"	2185.87714719
2	32	"Nachrichtensprecher"	0.155326500924
3	32	"der"	26530.3631386
4	32	"Spätausgabe"	0.032700315984
5	32	"der"	26530.3631386
6	32	"Tagesschau"	0.523205055744
7	32	"las"	41.7583035115
8	32	"mit"	6389.55999248
9	32	"zittriger"	0.147151421928
10	32	"Stimme"	136.343967495
11	32	"die"	24520.1275636
12	32	"Vermisstenmeldung"	NA
13	32	"vor"	1691.52194522
14	32	"nachdem"	104.837213045
15	32	"er"	4943.65829569
16	32	"bemerkt"	35.9621725034
17	32	"hatte"	1622.81040626
18	32	"dass"	147.780903011
19	32	"der"	26530.3631386
20	32	"Vermisste"	NA
21	32	"ein"	4999.44503476
22	32	"entfernter"	1.34888803434
23	32	"Verwandter"	2.22362148691
24	32	"von"	7955.34104766
25	32	"ihm"	1297.73656506
26	32	"war"	3092.73866021
1	33	"Der"	2185.87714719
2	33	"Bergsteiger"	0.891083610563
3	33	"beschloss"	0.956484242531
4	33	"auf"	5591.37797963
5	33	"Grund"	126.149643987
6	33	"des"	7101.07799289
7	33	"schönen"	56.2281933344
8	33	"Wetters"	1.61049056221
9	33	"nicht"	6717.74853877
10	33	"zum"	1651.97908812
11	33	"Basislager"	0.0654006319679
12	33	"zurückzukehren"	7.67639917724
13	33	"sondern"	760.576649471
14	33	"stattdessen"	2.043769749
15	33	"den"	9841.63424996
16	33	"gefährlichen"	11.2897840935
17	33	"Gipfel"	12.0827667561
18	33	"der"	26530.3631386
19	33	"Bergkette"	0.32700315984
20	33	"zu"	8897.95218113
21	33	"besteigen"	1.8393927741
22	33	"was"	1190.99455861
23	33	"er"	4943.65829569
24	33	"aber"	2250.5583722
25	33	"bald"	186.46537682
26	33	"bereuen"	1.94566880105
27	33	"sollte"	343.524994491
1	34	"Weil"	49.4755780837
2	34	"er"	4943.65829569
3	34	"schon"	1088.25016579
4	34	"seit"	401.7479071
5	34	"langer"	24.1737085912
6	34	"Zeit"	783.556796529
7	34	"all"	97.7494195551
8	34	"seine"	1148.15714467
9	34	"Ersparnisse"	2.91032812257
10	34	"gehortet"	0.155326500924
11	34	"hatte"	1622.81040626
12	34	"konnte"	454.861395337
13	34	"der"	26530.3631386
14	34	"Freund"	79.543518631
15	34	"meiner"	196.782326513
16	34	"Tochter"	63.9536429857
17	34	"sich"	6557.46793998
18	34	"einen"	2019.39166343
19	34	"teuren"	5.19117516246
20	34	"Sportwagen"	0.842033136587
21	34	"einer"	2431.18674262
22	34	"Stuttgarter"	4.85599692362
23	34	"Nobelmarke"	0.00817507899599
24	34	"leisten"	57.2746034459
1	35	"Weil"	49.4755780837
2	35	"die"	24520.1275636
3	35	"Umfrage"	1.8312176951
4	35	"dem"	5616.24656993
5	35	"Provinzpolitiker"	0.016350157992
6	35	"keine"	690.336370738
7	35	"Chance"	19.9226675132
8	35	"bei"	2161.86694017
9	35	"den"	9841.63424996
10	35	"bevorstehenden"	12.5242210219
11	35	"Kommunalwahlen"	1.25078708639
12	35	"vorhersagte"	0.0572255529719
13	35	"beschloss"	0.956484242531
14	35	"dieser"	1140.7505231
15	35	"sich"	6557.46793998
16	35	"aus"	2877.24357788
17	35	"dem"	5616.24656993
18	35	"öffentlichen"	78.1782804387
19	35	"Leben"	398.935679925
20	35	"zurückzuziehen"	4.85599692362
21	35	"und"	22313.7473183
22	35	"die"	24520.1275636
23	35	"Kandidatur"	4.30009155189
24	35	"einem"	1790.34230012
25	35	"jüngeren"	14.7887179038
26	35	"Kollegen"	34.0655541763
27	35	"zu"	8897.95218113
28	35	"überlassen"	29.2422575687
1	36	"Als"	386.812037774
2	36	"der"	26530.3631386
3	36	"Verteidigungsminister"	11.5350364633
4	36	"des"	7101.07799289
5	36	"kleinen"	222.337623454
6	36	"Alpenlands"	NA
7	36	"die"	24520.1275636
8	36	"Armee"	67.5261525069
9	36	"inspizierte"	0.359703475824
10	36	"und"	22313.7473183
11	36	"weitgehende"	9.00076197459
12	36	"Disziplinlosigkeit"	0.392403791808
13	36	"feststellte"	3.49893381028
14	36	"beschloss"	0.956484242531
15	36	"er"	4943.65829569
16	36	"den"	9841.63424996
17	36	"zuständigen"	26.8060840279
18	36	"General"	175.371794622
19	36	"fristlos"	0.752107267631
20	36	"zu"	8897.95218113
21	36	"entlassen"	22.9474467418
1	37	"Weil"	49.4755780837
2	37	"der"	26530.3631386
3	37	"Buchhalter"	2.69777606868
4	37	"eine"	4602.28334698
5	37	"Vielzahl"	8.40398120788
6	37	"von"	7955.34104766
7	37	"finanziellen"	15.8351280152
8	37	"Ungereimtheiten"	0.53138013474
9	37	"entdeckt"	29.8308632564
10	37	"hatte"	1622.81040626
11	37	"waren"	795.320735204
12	37	"Manfred"	9.66294337326
13	37	"Meier"	4.32461678888
14	37	"und"	22313.7473183
15	37	"seine"	1148.15714467
16	37	"Kollegen"	34.0655541763
17	37	"von"	7955.34104766
18	37	"der"	26530.3631386
19	37	"Unbrauchbarkeit"	0.318828080844
20	37	"des"	7101.07799289
21	37	"neuen"	332.774765611
22	37	"Finanzplans"	0.016350157992
23	37	"für"	4142.64770551
24	37	"die"	24520.1275636
25	37	"Abteilung"	31.0407749478
26	37	"überzeugt"	40.1968634233
1	38	"Weil"	49.4755780837
2	38	"ihm"	1297.73656506
3	38	"der"	26530.3631386
4	38	"Strand"	8.03610265306
5	38	"überhaupt"	243.004223156
6	38	"nicht"	6717.74853877
7	38	"gefiel"	11.3061342515
8	38	"das"	7683.24989344
9	38	"Hotel"	30.69742163
10	38	"und"	22313.7473183
11	38	"das"	7683.24989344
12	38	"Essen"	53.2606396589
13	38	"äußerst"	28.8335036189
14	38	"miserabel"	1.29983756036
15	38	"waren"	795.320735204
16	38	"und"	22313.7473183
17	38	"der"	26530.3631386
18	38	"Reiseveranstalter"	0.261602527872
19	38	"jegliche"	7.01421777856
20	38	"Serviceleistungen"	0.049050473976
21	38	"ablehnte"	3.95673823406
22	38	"beschloss"	0.956484242531
23	38	"Franz"	67.280900137
24	38	"Neubauer"	1.38158835032
25	38	"den"	9841.63424996
26	38	"billigen"	11.0363566446
27	38	"Reiseveranstalter"	0.261602527872
28	38	"zu"	8897.95218113
29	38	"verklagen"	0.842033136587
1	39	"Dass"	5.55087863828
2	39	"der"	26530.3631386
3	39	"Lehrer"	67.387176164
4	39	"den"	9841.63424996
5	39	"Vater"	217.555202241
6	39	"verständigt"	3.62155999522
7	39	"hat"	2369.4648962
8	39	"der"	26530.3631386
9	39	"neue"	350.097758003
10	39	"Schulleiter"	0.817507899599
11	39	"gesagt"	206.584246229
12	39	"nachdem"	104.837213045
13	39	"die"	24520.1275636
14	39	"Zeugnisse"	5.99233290406
15	39	"verteilt"	24.459836356
16	39	"worden"	617.872470517
17	39	"waren"	795.320735204
1	40	"Dass"	5.55087863828
2	40	"der"	26530.3631386
3	40	"Neubau"	6.61363890776
4	40	"den"	9841.63424996
5	40	"Vorort"	2.81222717462
6	40	"verschandelt"	0.28612776486
7	40	"hat"	2369.4648962
8	40	"der"	26530.3631386
9	40	"anwesende"	1.29983756036
10	40	"Architekt"	6.82619096165
11	40	"gemeint"	32.3160872712
12	40	"als"	4153.65136184
13	40	"die"	24520.1275636
14	40	"Einweihungsfeier"	0.114451105944
15	40	"zu"	8897.95218113
16	40	"Ende"	278.320564419
17	40	"war"	3092.73866021
1	41	"Dass"	5.55087863828
2	41	"der"	26530.3631386
3	41	"Verdächtige"	0.53138013474
4	41	"den"	9841.63424996
5	41	"Sachverhalt"	8.5756578668
6	41	"bestreitet"	3.80141173314
7	41	"hat"	2369.4648962
8	41	"der"	26530.3631386
9	41	"eifrige"	2.043769749
10	41	"Reporter"	2.93485335956
11	41	"berichtet"	41.4803508257
12	41	"nachdem"	104.837213045
13	41	"er"	4943.65829569
14	41	"mit"	6389.55999248
15	41	"dem"	5616.24656993
16	41	"Anwalt"	10.0471720861
17	41	"gesprochen"	73.9435895188
18	41	"hatte"	1622.81040626
1	42	"Dass"	5.55087863828
2	42	"der"	26530.3631386
3	42	"Ausschuss"	0.49050473976
4	42	"den"	9841.63424996
5	42	"Bericht"	72.9217046443
6	42	"verfasst"	0.188026816908
7	42	"hat"	2369.4648962
8	42	"der"	26530.3631386
9	42	"korrupte"	0.474154581768
10	42	"Politiker"	30.2396172062
11	42	"erklärt"	132.403579419
12	42	"während"	389.174635604
13	42	"die"	24520.1275636
14	42	"Pressekonferenz"	12.4751705479
15	42	"stattfand"	8.87813578965
1	43	"Dass"	5.55087863828
2	43	"der"	26530.3631386
3	43	"Staatsanwalt"	19.2768362726
4	43	"den"	9841.63424996
5	43	"Fall"	177.227537554
6	43	"bearbeitet"	9.45039131937
7	43	"hat"	2369.4648962
8	43	"der"	26530.3631386
9	43	"windige"	0.49050473976
10	43	"Rechtsanwalt"	22.514167555
11	43	"mitgeteilt"	27.1657875037
12	43	"bevor"	62.2041760805
13	43	"der"	26530.3631386
14	43	"Zeuge"	45.1100858999
15	43	"angehört"	13.0147257616
16	43	"wurde"	1350.62932616
1	44	"Dass"	5.55087863828
2	44	"der"	26530.3631386
3	44	"Mitarbeiter"	31.1961014487
4	44	"den"	9841.63424996
5	44	"Urlaub"	17.8870728432
6	44	"verdient"	29.9207891253
7	44	"hat"	2369.4648962
8	44	"der"	26530.3631386
9	44	"verlässliche"	NA
10	44	"Vorgesetzte"	2.72230130567
11	44	"betont"	44.7013319501
12	44	"als"	4153.65136184
13	44	"er"	4943.65829569
14	44	"dem"	5616.24656993
15	44	"Vorstand"	13.6115065283
16	44	"den"	9841.63424996
17	44	"Bericht"	72.9217046443
18	44	"vorstellte"	3.32725715137
1	45	"Der"	2185.87714719
2	45	"Kanzler"	18.5165539259
3	45	"entlässt"	0.0572255529719
4	45	"den"	9841.63424996
5	45	"Minister"	116.576626483
6	45	"hat"	2369.4648962
7	45	"der"	26530.3631386
8	45	"junge"	96.4904573897
9	45	"Politiker"	30.2396172062
10	45	"gefordert"	25.7596739164
11	45	"als"	4153.65136184
12	45	"die"	24520.1275636
13	45	"Rede"	130.171782853
14	45	"zu"	8897.95218113
15	45	"Ende"	278.320564419
16	45	"war"	3092.73866021
1	46	"Der"	2185.87714719
2	46	"Diplomat"	4.51264360579
3	46	"überarbeitet"	1.32436279735
4	46	"den"	9841.63424996
5	46	"Vorschlag"	56.2772438084
6	46	"hat"	2369.4648962
7	46	"der"	26530.3631386
8	46	"verärgerte"	0.261602527872
9	46	"Minister"	116.576626483
10	46	"angekündigt"	11.6086121743
11	46	"nachdem"	104.837213045
12	46	"die"	24520.1275636
13	46	"Verhandlungen"	113.494621701
14	46	"gescheitert"	9.46674147736
15	46	"waren"	795.320735204
1	47	"Der"	2185.87714719
2	47	"Kollege"	11.4696358314
3	47	"bearbeitet"	9.45039131937
4	47	"den"	9841.63424996
5	47	"Antrag"	63.4386130089
6	47	"hat"	2369.4648962
7	47	"der"	26530.3631386
8	47	"eifrige"	2.043769749
9	47	"Beamte"	24.9012906218
10	47	"versichert"	12.6386721278
11	47	"als"	4153.65136184
12	47	"der"	26530.3631386
13	47	"Rentner"	4.16929028796
14	47	"beim"	373.936288356
15	47	"Sozialamt"	0.604955845703
16	47	"vorsprach"	0.32700315984
1	48	"Der"	2185.87714719
2	48	"Finanzminister"	18.287651714
3	48	"ruiniert"	2.68960098968
4	48	"den"	9841.63424996
5	48	"Haushalt"	16.1784813331
6	48	"hat"	2369.4648962
7	48	"der"	26530.3631386
8	48	"junge"	96.4904573897
9	48	"Redakteur"	8.158728838
10	48	"geschätzt"	13.5542809754
11	48	"nachdem"	104.837213045
12	48	"er"	4943.65829569
13	48	"die"	24520.1275636
14	48	"Statistiken"	2.94302843856
15	48	"gesehen"	135.199456436
16	48	"hatte"	1622.81040626
1	49	"Der"	2185.87714719
2	49	"Feuerwehrmann"	0.711231872651
3	49	"rettet"	2.28084703988
4	49	"den"	9841.63424996
5	49	"Kater"	3.52345904727
6	49	"hat"	2369.4648962
7	49	"der"	26530.3631386
8	49	"kleine"	188.607247517
9	49	"Junge"	50.7018399331
10	49	"geglaubt"	18.32035203
11	49	"als"	4153.65136184
12	49	"er"	4943.65829569
13	49	"die"	24520.1275636
14	49	"Notrufzentrale"	NA
15	49	"anrief"	1.23443692839
1	50	"Der"	2185.87714719
2	50	"Mitarbeiter"	31.1961014487
3	50	"erledigt"	19.8163914863
4	50	"den"	9841.63424996
5	50	"Auftrag"	40.4175905562
6	50	"hat"	2369.4648962
7	50	"der"	26530.3631386
8	50	"neue"	350.097758003
9	50	"Chef"	59.122171299
10	50	"gehofft"	5.1094243725
11	50	"als"	4153.65136184
12	50	"er"	4943.65829569
13	50	"die"	24520.1275636
14	50	"Abteilung"	31.0407749478
15	50	"übernahm"	20.6338993859
1	51	"Der"	2185.87714719
2	51	"Sportler"	2.80405209563
3	51	"ist"	6201.98280491
4	51	"zum"	1651.97908812
5	51	"Gipfel"	12.0827667561
6	51	"aufgestiegen"	2.00289435402
7	51	"weil"	555.447567304
8	51	"das"	7683.24989344
9	51	"Wetter"	25.9395256543
10	51	"gut"	350.719064007
11	51	"war"	3092.73866021
1	52	"Der"	2185.87714719
2	52	"Vortrupp"	0.4087539498
3	52	"ist"	6201.98280491
4	52	"auf"	5591.37797963
5	52	"das"	7683.24989344
6	52	"Ziel"	126.190519382
7	52	"vorgerückt"	1.0300599535
8	52	"weil"	555.447567304
9	52	"der"	26530.3631386
10	52	"Feind"	52.3695560483
11	52	"geschwächt"	4.2919164729
12	52	"war"	3092.73866021
1	53	"Nachdem"	49.8271064806
2	53	"der"	26530.3631386
3	53	"Sportler"	2.80405209563
4	53	"erst"	440.448731067
5	53	"gestern"	90.6452759076
6	53	"wieder"	1064.2317837
7	53	"einen"	2019.39166343
8	53	"wichtigen"	37.0576330888
9	53	"Wettkampf"	2.2399716449
10	53	"des"	7101.07799289
11	53	"Leichtathletikverbands"	0.00817507899599
12	53	"gewonnen"	43.8756489715
13	53	"hatte"	1622.81040626
14	53	"stand"	234.265063709
15	53	"seiner"	936.635150729
16	53	"Teilnahme"	32.1771109282
17	53	"an"	3884.37243479
18	53	"den"	9841.63424996
19	53	"olympischen"	1.65954103619
20	53	"Spielen"	8.81273515768
21	53	"nichts"	627.690740391
22	53	"mehr"	1245.84116359
23	53	"im"	4320.93800333
24	53	"Wege"	113.363820437
1	54	"Obwohl"	31.3269027126
2	54	"der"	26530.3631386
3	54	"Tierschützer"	0.106276026948
4	54	"sich"	6557.46793998
5	54	"schon"	1088.25016579
6	54	"seit"	401.7479071
7	54	"Jahren"	348.315590782
8	54	"streng"	34.0328538603
9	54	"vegetarisch"	0.36787855482
10	54	"ernährte"	0.629481082691
11	54	"konnte"	454.861395337
12	54	"er"	4943.65829569
13	54	"seinen"	631.36952594
14	54	"alten"	231.109483217
15	54	"Pudel"	1.37341327133
16	54	"nicht"	6717.74853877
17	54	"davon"	234.698342896
18	54	"überzeugen"	17.8053220533
19	54	"ebenfalls"	111.63070369
20	54	"auf"	5591.37797963
21	54	"fleischlose"	0.138976342932
22	54	"Kost"	7.06326825254
23	54	"umzustellen"	0.948309163535
24	54	"was"	1190.99455861
25	54	"ihn"	1082.59301112
26	54	"sehr"	777.19658507
27	54	"betrübte"	0.277952685864
1	55	"Weil"	49.4755780837
2	55	"er"	4943.65829569
3	55	"keinen"	234.199663077
4	55	"großen"	388.406178179
5	55	"Hunger"	22.0645382102
6	55	"verspürte"	2.47704893579
7	55	"beschloss"	0.956484242531
8	55	"Martin"	42.902814571
9	55	"Kunze"	1.50421453526
10	55	"lediglich"	67.8368055087
11	55	"ein"	4999.44503476
12	55	"kleines"	42.0199060394
13	55	"Steak"	0.351528396828
14	55	"zum"	1651.97908812
15	55	"Mittagessen"	8.87813578965
16	55	"zu"	8897.95218113
17	55	"verspeisen"	0.670356477671
18	55	"was"	1190.99455861
19	55	"ihm"	1297.73656506
20	55	"auch"	3657.70201947
21	55	"überaus"	21.2388552316
22	55	"gut"	350.719064007
23	55	"bekam"	44.6114060811
1	56	"Durch"	118.816598128
2	56	"gezieltes"	0.228902211888
3	56	"Abfeuern"	0.147151421928
4	56	"seines"	233.905360233
5	56	"bewährten"	4.84782184462
6	56	"Gewehrs"	0.24525236988
7	56	"erlegte"	0.498679818756
8	56	"der"	26530.3631386
9	56	"greise"	1.56144008823
10	56	"Jäger"	14.1755869791
11	56	"im"	4320.93800333
12	56	"umzäunten"	0.196201895904
13	56	"Gehege"	1.2262618494
14	56	"eine"	4602.28334698
15	56	"ganze"	257.040833792
16	56	"Herde"	7.12866888451
17	56	"von"	7955.34104766
18	56	"gutgewachsenen"	0.049050473976
19	56	"Hirschen"	0.817507899599
20	56	"was"	1190.99455861
21	56	"dem"	5616.24656993
22	56	"Gutsbesitzer"	2.30537227687
23	56	"durchaus"	112.61171317
24	56	"nicht"	6717.74853877
25	56	"ungelegen"	0.743932188635
26	56	"kam"	375.072624336
1	57	"Nachdem"	49.8271064806
2	57	"sie"	4963.73628971
3	57	"schon"	1088.25016579
4	57	"lange"	267.406833959
5	57	"mit"	6389.55999248
6	57	"einem"	1790.34230012
7	57	"kleinen"	222.337623454
8	57	"grünen"	22.7757700828
9	57	"Polo"	0.654006319679
10	57	"durch"	2302.17582098
11	57	"die"	24520.1275636
12	57	"Gegend"	30.69742163
13	57	"gefahren"	19.7182905383
14	57	"war"	3092.73866021
15	57	"beschloss"	0.956484242531
16	57	"Katrin"	2.19909624992
17	57	"Helbig"	1.24261200739
18	57	"nun"	611.471383663
19	57	"die"	24520.1275636
20	57	"Anschaffung"	3.30273191438
21	57	"eines"	996.591180085
22	57	"roten"	38.1367435163
23	57	"Lastwagens"	0.28612776486
24	57	"obwohl"	90.1057206938
25	57	"dieser"	1140.7505231
26	57	"ein"	4999.44503476
27	57	"kleines"	42.0199060394
28	57	"Vermögen"	28.2530730102
29	57	"kostete"	7.9543518631
1	58	"Durch"	118.816598128
2	58	"gezieltes"	0.228902211888
3	58	"Renovieren"	0.0817507899599
4	58	"des"	7101.07799289
5	58	"blaugestrichenen"	0.016350157992
6	58	"Bads"	0.024525236988
7	58	"konnte"	454.861395337
8	58	"der"	26530.3631386
9	58	"Handwerker"	11.2652588565
10	58	"der"	26530.3631386
11	58	"Wohnung"	69.0140168842
12	58	"des"	7101.07799289
13	58	"Pensionärs"	0.016350157992
14	58	"neuen"	332.774765611
15	58	"Glanz"	18.6964056638
16	58	"verleihen"	10.6112525368
1	59	"Weil"	49.4755780837
2	59	"der"	26530.3631386
3	59	"Mitarbeiter"	31.1961014487
4	59	"der"	26530.3631386
5	59	"Zentralbank"	2.37894798783
6	59	"seinem"	506.552419829
7	59	"Vorgesetzten"	10.0471720861
8	59	"Misswirtschaft"	0.049050473976
9	59	"anlastete"	0.016350157992
10	59	"wurde"	1350.62932616
11	59	"er"	4943.65829569
12	59	"von"	7955.34104766
13	59	"seinen"	631.36952594
14	59	"Kollegen"	34.0655541763
15	59	"aus"	2877.24357788
16	59	"dem"	5616.24656993
17	59	"Amt"	55.5251365408
18	59	"gejagt"	3.6624353902
19	59	"obwohl"	90.1057206938
20	59	"er"	4943.65829569
21	59	"das"	7683.24989344
22	59	"nicht"	6717.74853877
23	59	"verdient"	29.9207891253
24	59	"hatte"	1622.81040626
1	60	"Das"	1740.04103906
2	60	"Schulkind"	0.719406951647
3	60	"hat"	2369.4648962
4	60	"heute"	436.688194729
5	60	"wieder"	1064.2317837
6	60	"den"	9841.63424996
7	60	"Unterricht"	26.1439026292
8	60	"geschwänzt"	0.2043769749
9	60	"und"	22313.7473183
10	60	"sich"	6557.46793998
11	60	"stattdessen"	2.043769749
12	60	"auf"	5591.37797963
13	60	"dem"	5616.24656993
14	60	"Jahrmarkt"	1.58596532522
15	60	"herumgetrieben"	0.604955845703
16	60	"was"	1190.99455861
17	60	"den"	9841.63424996
18	60	"Eltern"	84.3913404756
19	60	"überhaupt"	243.004223156
20	60	"nicht"	6717.74853877
21	60	"behagte"	0.719406951647
1	61	"Der"	2185.87714719
2	61	"greise"	1.56144008823
3	61	"Patenonkel"	0.0899258689559
4	61	"ist"	6201.98280491
5	61	"vor"	1691.52194522
6	61	"ein"	4999.44503476
7	61	"paar"	151.639540297
8	61	"Jahren"	348.315590782
9	61	"unerwartet"	6.24576035294
10	61	"verstorben"	1.8312176951
11	61	"leider"	56.0646917545
12	61	"jedoch"	296.019610445
13	61	"ohne"	726.592846085
14	61	"seinem"	506.552419829
15	61	"Patenkind"	0.261602527872
16	61	"ein"	4999.44503476
17	61	"Vermögen"	28.2530730102
18	61	"zu"	8897.95218113
19	61	"hinterlassen"	10.9055553807
1	62	"Der"	2185.87714719
2	62	"Wissenschaftler"	14.306388243
3	62	"wird"	2347.81728702
4	62	"heute"	436.688194729
5	62	"einen"	2019.39166343
6	62	"wichtigen"	37.0576330888
7	62	"Versuch"	76.7885170094
8	62	"durchführen"	12.4097699159
9	62	"der"	26530.3631386
10	62	"ihn"	1082.59301112
11	62	"weltweit"	5.2974511894
12	62	"berühmt"	8.58383294579
13	62	"machen"	423.861495784
14	62	"könnte"	237.853923388
15	62	"falls"	39.5019817086
16	62	"er"	4943.65829569
17	62	"erfolgreich"	22.2934404221
18	62	"verlaufen"	11.7966389912
19	62	"sollte"	343.524994491
1	63	"Dass"	5.55087863828
2	63	"der"	26530.3631386
3	63	"Manager"	5.37920197936
4	63	"den"	9841.63424996
5	63	"Posten"	35.2427655517
6	63	"behält"	10.3741752459
7	63	"hat"	2369.4648962
8	63	"der"	26530.3631386
9	63	"verblüffte"	0.678531556667
10	63	"Vorstand"	13.6115065283
11	63	"eingeräumt"	7.02239285756
12	63	"als"	4153.65136184
13	63	"die"	24520.1275636
14	63	"Aktionärsversammlung"	0.024525236988
15	63	"zu"	8897.95218113
16	63	"Ende"	278.320564419
17	63	"ging"	309.124262075
1	64	"Dass"	5.55087863828
2	64	"der"	26530.3631386
3	64	"Terrorist"	0.392403791808
4	64	"den"	9841.63424996
5	64	"Anschlag"	8.05245281105
6	64	"verübt"	6.31116098491
7	64	"hat"	2369.4648962
8	64	"der"	26530.3631386
9	64	"bestürzte"	0.335178238836
10	64	"Polizist"	4.83964676563
11	64	"befürchtet"	4.51264360579
12	64	"nachdem"	104.837213045
13	64	"er"	4943.65829569
14	64	"die"	24520.1275636
15	64	"Beweismittel"	3.34360730936
16	64	"untersucht"	24.2554593811
17	64	"hatte"	1622.81040626
1	65	"Dass"	5.55087863828
2	65	"der"	26530.3631386
3	65	"Richter"	59.0567706671
4	65	"den"	9841.63424996
5	65	"Urteilsspruch"	0.989184558515
6	65	"fällt"	70.7307834733
7	65	"hat"	2369.4648962
8	65	"der"	26530.3631386
9	65	"junge"	96.4904573897
10	65	"Justizbeamte"	0.0817507899599
11	65	"bestätigt"	36.4526772431
12	65	"als"	4153.65136184
13	65	"der"	26530.3631386
14	65	"Journalist"	7.20224459547
15	65	"ihn"	1082.59301112
16	65	"danach"	66.7168196863
17	65	"fragte"	179.124155881
1	66	"Dass"	5.55087863828
2	66	"der"	26530.3631386
3	66	"Buchhalter"	2.69777606868
4	66	"den"	9841.63424996
5	66	"Betrug"	6.05773353603
6	66	"verheimlicht"	1.39793850831
7	66	"hat"	2369.4648962
8	66	"der"	26530.3631386
9	66	"eifrige"	2.043769749
10	66	"Inspektor"	4.34096694687
11	66	"festgestellt"	45.4697893757
12	66	"als"	4153.65136184
13	66	"er"	4943.65829569
14	66	"die"	24520.1275636
15	66	"Akten"	23.6586786144
16	66	"überprüfte"	0.833858057591
1	67	"Dass"	5.55087863828
2	67	"der"	26530.3631386
3	67	"Prominente"	0.457804423776
4	67	"den"	9841.63424996
5	67	"Vorfall"	7.07144333153
6	67	"bereut"	1.34888803434
7	67	"hat"	2369.4648962
8	67	"der"	26530.3631386
9	67	"erfahrene"	3.28638175639
10	67	"Reporter"	2.93485335956
11	67	"gemeldet"	25.0811423597
12	67	"nachdem"	104.837213045
13	67	"er"	4943.65829569
14	67	"das"	7683.24989344
15	67	"Interview"	11.2243834615
16	67	"gegeben"	167.883422262
17	67	"hatte"	1622.81040626
1	68	"Dass"	5.55087863828
2	68	"der"	26530.3631386
3	68	"Kunde"	11.4941610684
4	68	"den"	9841.63424996
5	68	"Verkäufer"	7.23494491145
6	68	"täuscht"	2.88580288559
7	68	"hat"	2369.4648962
8	68	"der"	26530.3631386
9	68	"gescheite"	0.784807583615
10	68	"Detektiv"	1.24261200739
11	68	"behauptet"	38.0141173314
12	68	"als"	4153.65136184
13	68	"er"	4943.65829569
14	68	"von"	7955.34104766
15	68	"der"	26530.3631386
16	68	"Polizei"	68.8832156202
17	68	"vernommen"	10.5867272998
18	68	"wurde"	1350.62932616
1	69	"Der"	2185.87714719
2	69	"Professor"	131.839498968
3	69	"hasst"	0.0735757109639
4	69	"den"	9841.63424996
5	69	"Laboranten"	0.188026816908
6	69	"hat"	2369.4648962
7	69	"der"	26530.3631386
8	69	"faule"	1.84756785309
9	69	"Student"	10.8074544327
10	69	"erzählt"	58.3700640314
11	69	"während"	389.174635604
12	69	"er"	4943.65829569
13	69	"das"	7683.24989344
14	69	"Experiment"	10.202498587
15	69	"durchführte"	1.29983756036
1	70	"Der"	2185.87714719
2	70	"Politiker"	30.2396172062
3	70	"begrüßt"	17.4292684195
4	70	"den"	9841.63424996
5	70	"Reformvorschlag"	0.0735757109639
6	70	"hat"	2369.4648962
7	70	"der"	26530.3631386
8	70	"schmierige"	0.482329660764
9	70	"Journalist"	7.20224459547
10	70	"geschrieben"	72.5047756155
11	70	"nachdem"	104.837213045
12	70	"die"	24520.1275636
13	70	"Pressestelle"	0.948309163535
14	70	"das"	7683.24989344
15	70	"bestätigt"	36.4526772431
16	70	"hatte"	1622.81040626
1	71	"Der"	2185.87714719
2	71	"Waldbesitzer"	0.0981009479519
3	71	"verkraftet"	0.302477922852
4	71	"den"	9841.63424996
5	71	"Verlust"	27.6808174804
6	71	"hat"	2369.4648962
7	71	"der"	26530.3631386
8	71	"alte"	160.076221821
9	71	"Förster"	5.3138013474
10	71	"erläutert"	8.84543547366
11	71	"als"	4153.65136184
12	71	"er"	4943.65829569
13	71	"den"	9841.63424996
14	71	"Platzhirsch"	0.0572255529719
15	71	"abschoss"	NA
1	72	"Der"	2185.87714719
2	72	"Künstler"	51.077893567
3	72	"verpasst"	0.0817507899599
4	72	"den"	9841.63424996
5	72	"Auftrag"	40.4175905562
6	72	"hat"	2369.4648962
7	72	"der"	26530.3631386
8	72	"ehrgeizige"	0.964659321527
9	72	"Galerist"	0.0735757109639
10	72	"kritisiert"	8.09332820603
11	72	"während"	389.174635604
12	72	"er"	4943.65829569
13	72	"die"	24520.1275636
14	72	"neue"	350.097758003
15	72	"Ausstellung"	21.1162290466
16	72	"vorbereitete"	4.44724297382
1	73	"Der"	2185.87714719
2	73	"Chirurg"	2.01924451201
3	73	"beherrscht"	19.8245665653
4	73	"den"	9841.63424996
5	73	"Eingriff"	6.36021145888
6	73	"hat"	2369.4648962
7	73	"der"	26530.3631386
8	73	"junge"	96.4904573897
9	73	"Chefarzt"	2.25632180289
10	73	"gewusst"	0.629481082691
11	73	"als"	4153.65136184
12	73	"er"	4943.65829569
13	73	"den"	9841.63424996
14	73	"Patienten"	16.4646090979
15	73	"überwies"	0.752107267631
1	74	"Der"	2185.87714719
2	74	"Gast"	32.8719926429
3	74	"genießt"	6.98969254157
4	74	"den"	9841.63424996
5	74	"Hauptgang"	0.392403791808
6	74	"hat"	2369.4648962
7	74	"der"	26530.3631386
8	74	"erfahrene"	3.28638175639
9	74	"Kellner"	17.7072211053
10	74	"erkannt"	38.5700227031
11	74	"als"	4153.65136184
12	74	"er"	4943.65829569
13	74	"das"	7683.24989344
14	74	"laute"	4.97044802956
15	74	"Schmatzen"	0.400578870804
16	74	"hörte"	101.959585238
1	75	"Der"	2185.87714719
2	75	"Sanitäter"	1.91296848506
3	75	"kann"	1325.79343618
4	75	"vor"	1691.52194522
5	75	"Angst"	81.9960423298
6	75	"erblasst"	NA
7	75	"sein"	1666.95583284
8	75	"weil"	555.447567304
9	75	"der"	26530.3631386
10	75	"Unfall"	7.40662157037
11	75	"schlimm"	15.5571753294
12	75	"war"	3092.73866021
1	76	"Der"	2185.87714719
2	76	"Junge"	50.7018399331
3	76	"kann"	1325.79343618
4	76	"vor"	1691.52194522
5	76	"Scham"	8.26500486495
6	76	"errötet"	0.572255529719
7	76	"sein"	1666.95583284
8	76	"weil"	555.447567304
9	76	"das"	7683.24989344
10	76	"Gespräch"	61.100540416
11	76	"peinlich"	13.1455270256
12	76	"war"	3092.73866021
